-0.0131218358
-0.0134292557
-0.0132250860
-0.0124690374
-0.0111342469
-0.0092085491
-0.0066953455
-0.0036140374
0.0000000000
0.0040959091
0.0086083014
0.0134586487
0.0185570781
0.0238045259
0.0290951892
0.0343192091
0.0393655074
0.0441246974
0.0484919821
0.0523699570
0.0556712344
0.0583208109
0.0602581099
0.0614386361
0.0618351944
0.0614386361
0.0602581099
0.0583208109
0.0556712344
0.0523699570
0.0484919821
0.0441246974
0.0393655074
0.0343192091
0.0290951892
0.0238045259
0.0185570781
0.0134586487
0.0086083014
0.0040959091
0.0000000000
-0.0036140374
-0.0066953455
-0.0092085491
-0.0111342469
-0.0124690374
-0.0132250860
-0.0134292557
-0.0131218358
